3.881337595
3.013363779
2.844434864
2.738236394
2.659216885
2.595657493
2.542160873
2.495772969
2.454692701
2.417736462
2.384080994
2.353125987
2.324414482
2.297584165
2.272336707
2.248418351
2.225607777
2.203708662
2.182545235
2.161959634
2.141810305
2.121970932
2.102329591
2.082787981
2.063260615
2.043673978
2.023965631
2.004083275
1.983983822
1.963632454
1.943001732
1.922070731
1.900824237
1.879252003
1.857348066
1.83511013
1.812539006
1.789638123
1.766413083
1.742871281
1.719021559
1.694873918
1.67043926
1.645729171
1.620755726
1.595531337
1.57006861
1.544380233
1.51847888
1.49237713
1.466087401
1.439621897
1.412992564
1.386211056
1.359288709
1.332236519
1.305065132
1.277784828
1.250405521
1.222936753
1.195387695
1.167767152
1.140083563
1.112345013
1.084559235
1.05673362
1.028875228
1.000990795
0.9730867426
0.9451691913
0.9172439682
0.8893166185
0.8613924157
0.8334763718
0.8055732479
0.7776875641
0.7498236091
0.7219854502
0.6941769423
0.6664017371
0.6386632922
0.6109648791
0.5833095917
0.5557003542
0.5281399287
0.5006309226
0.4731757954
0.445776866
0.4184363185
0.391156209
0.3639384713
0.3367849225
0.3096972687
0.2826771103
0.2557259464
0.2288451804
0.2020361238
0.1753000012
0.1486379539
0.1220510442
0.09554025919
0.06910651415
0.04275065619
0.01647346745
-0.009724331748
-0.03584207988
-0.06187917139
-0.08783505399
-0.113709226
-0.139501234
-0.1652106702
-0.1908371707
-0.2163804126
-0.2418401128
-0.2672160253
-0.2925079398
-0.3177156798
-0.3428391009
-0.3678780893
-0.3928325599
-0.4177024554
-0.4424877443
-0.46718842
-0.4918044996
-0.5163360221
-0.540783048
-0.5651456576
-0.5894239501
-0.6136180431
-0.6377280707
-0.6617541836
-0.6856965473
-0.7095553421
-0.7333307617
-0.7570230127
-0.780632314
-0.8041588958
-0.8276029992
-0.8509648756
-0.8742447857
-0.8974429996
-0.9205597956
-0.9435954602
-0.9665502872
-0.9894245776
-1.012218639
-1.034932784
-1.057567333
-1.080122611
-1.102598947
-1.124996675
-1.147316134
-1.169557667
-1.191721619
-1.213808341
-1.235818184
-1.257751505
-1.279608661
-1.301390013
-1.323095924
-1.344726757
-1.366282878
-1.387764656
-1.409172459
-1.430506657
-1.451767621
-1.472955722
-1.494071333
-1.515114827
-1.536086575
-1.556986953
-1.577816332
-1.598575087
-1.619263589
-1.639882214
-1.660431331
-1.680911314
-1.701322535
-1.721665363
-1.741940168
-1.762147321
-1.782287189
-1.802360139
-1.822366538
-1.842306751
-1.862181142
-1.881990074
-1.901733908
-1.921413005
-1.941027723
-1.96057842
-1.980065452
-1.999489174
-2.018849937
-2.038148095
-2.057383996
-2.076557989
-2.09567042
-2.114721634
-2.133711974
-2.152641782
-2.171511397
-2.190321157
-2.209071399
-2.227762455
-2.24639466
-2.264968343
-2.283483833
-2.301941458
-2.320341542
-2.338684407
-2.356970377
-2.375199769
-2.393372902
-2.411490091
-2.429551649
-2.447557889
-2.46550912
-2.48340565
-2.501247785
-2.519035829
-2.536770084
-2.554450851
-2.572078428
-2.589653111
-2.607175195
-2.624644972
-2.642062733
-2.659428768
-2.676743361
-2.6940068
-2.711219366
-2.728381342
-2.745493006
-2.762554636
-2.779566508
-2.796528895
-2.81344207
-2.830306302
-2.84712186
-2.86388901
-2.880608017
-2.897279144
-2.913902651
-2.930478799
-2.947007845
-2.963490044
-2.97992565
-2.996314915
-3.012658091
-3.028955426
-3.045207166
-3.061413557
-3.077574844
-3.093691267
-3.109763067
-3.125790482
-3.141773751
-3.157713107
-3.173608784
-3.189461015
-3.20527003
-3.221036058
-3.236759325
-3.252440059
-3.268078481
-3.283674817
-3.299229285
-3.314742105
-3.330213497
-3.345643674
-3.361032854
-3.376381249
-3.39168907
-3.406956529
-3.422183833
-3.437371192
-3.45251881
-3.467626893
-3.482695643
-3.497725262
-3.512715951
-3.527667908
-3.542581332
-3.557456418
-3.572293361
-3.587092355
-3.601853592
-3.616577262
-3.631263557
-3.645912662
-3.660524766
-3.675100054
-3.689638711
-3.704140919
-3.71860686
-3.733036715
-3.747430664
-3.761788883
-3.776111551
-3.790398843
-3.804650933
-3.818867995
-3.833050201
-3.847197721
-3.861310726
-3.875389383
-3.889433861
-3.903444326
-3.917420943
-3.931363876
-3.945273287
-3.95914934
-3.972992194
-3.98680201
-4.000578946
-4.014323159
-4.028034806
-4.041714042
-4.055361022
-4.0689759
-4.082558827
-4.096109954
-4.109629433
-4.123117412
-4.13657404
-4.149999465
-4.163393831
-4.176757286
-4.190089973
-4.203392035
-4.216663616
-4.229904857
-4.243115898
-4.256296879
-4.26944794
-4.282569218
-4.295660849
-4.308722971
-4.321755719
-4.334759226
-4.347733626
-4.360679052
-4.373595635
-4.386483507
-4.399342798
-4.412173636
-4.424976151
-4.437750469
-4.450496717
-4.463215022
-4.475905508
-4.488568301
-4.501203522
-4.513811296
-4.526391743
-4.538944986
-4.551471144
-4.563970338
-4.576442685
-4.588888305
-4.601307315
-4.613699831
-4.626065969
-4.638405845
-4.650719573
-4.663007266
-4.675269039
-4.687505002
-4.699715268
-4.711899948
-4.724059152
-4.736192989
-4.748301569
-4.760385
-4.772443389
-4.784476843
-4.796485468
-4.808469371
-4.820428655
-4.832363426
-4.844273787
-4.85615984
-4.868021689
-4.879859435
-4.89167318
-4.903463023
-4.915229065
-4.926971405
-4.938690142
-4.950385375
-4.9620572
-4.973705714
-4.985331014
-4.996933197
-5.008512356
-5.020068587
-5.031601984
-5.04311264
-5.054600649
-5.066066102
-5.077509092
-5.088929711
-5.100328048
-5.111704194
-5.12305824
-5.134390274
-5.145700384
-5.15698866
-5.168255188
-5.179500057
-5.190723352
-5.201925159
-5.213105566
-5.224264655
-5.235402513
-5.246519224
-5.25761487
-5.268689536
-5.279743304
-5.290776256
-5.301788474
-5.31278004
-5.323751034
-5.334701536
-5.345631628
-5.356541387
-5.367430894
-5.378300226
-5.389149462
-5.39997868
-5.410787957
-5.421577369
-5.432346993
-5.443096906
-5.453827182
-5.464537897
-5.475229125
-5.485900941
-5.496553419
-5.507186631
-5.517800652
-5.528395554
-5.538971409
-5.549528288
-5.560066265
-5.570585408
-5.58108579
-5.59156748
-5.602030549
-5.612475065
-5.622901099
-5.633308718
-5.643697991
-5.654068987
-5.664421773
-5.674756415
-5.685072982
-5.69537154
-5.705652154
-5.715914892
-5.726159817
-5.736386996
-5.746596493
-5.756788373
-5.766962699
-5.777119537
-5.787258948
-5.797380996
-5.807485744
-5.817573255
-5.827643589
-5.83769681
-5.847732979
-5.857752156
-5.867754403
-5.87773978
-5.887708347
-5.897660164
-5.907595291
-5.917513787
-5.92741571
-5.93730112
-5.947170075
-5.957022632
-5.96685885
-5.976678786
-5.986482496
-5.996270039
-6.00604147
-6.015796845
-6.025536222
-6.035259654
-6.044967198
-6.054658909
-6.064334841
-6.07399505
-6.083639589
-6.093268512
-6.102881874
