0.005
0.505991984
1.006983968
1.507975952
2.008967936
2.50995992
3.010951904
3.511943888
4.012935872
4.513927856
5.01491984
5.515911824
6.016903808
6.517895792
7.018887776
7.51987976
8.020871743
8.521863727
9.022855711
9.523847695
10.02483968
10.52583166
11.02682365
11.52781563
12.02880762
12.5297996
13.03079158
13.53178357
14.03277555
14.53376754
15.03475952
15.5357515
16.03674349
16.53773547
17.03872745
17.53971944
18.04071142
18.54170341
19.04269539
19.54368737
20.04467936
20.54567134
21.04666333
21.54765531
22.04864729
22.54963928
23.05063126
23.55162325
24.05261523
24.55360721
25.0545992
25.55559118
26.05658317
26.55757515
27.05856713
27.55955912
28.0605511
28.56154309
29.06253507
29.56352705
30.06451904
30.56551102
31.06650301
31.56749499
32.06848697
32.56947896
33.07047094
33.57146293
34.07245491
34.57344689
35.07443888
35.57543086
36.07642285
36.57741483
37.07840681
37.5793988
38.08039078
38.58138277
39.08237475
39.58336673
40.08435872
40.5853507
41.08634269
41.58733467
42.08832665
42.58931864
43.09031062
43.59130261
44.09229459
44.59328657
45.09427856
45.59527054
46.09626253
46.59725451
47.09824649
47.59923848
48.10023046
48.60122244
49.10221443
49.60320641
50.1041984
50.60519038
51.10618236
51.60717435
52.10816633
52.60915832
53.1101503
53.61114228
54.11213427
54.61312625
55.11411824
55.61511022
56.1161022
56.61709419
57.11808617
57.61907816
58.12007014
58.62106212
59.12205411
59.62304609
60.12403808
60.62503006
61.12602204
61.62701403
62.12800601
62.628998
63.12998998
63.63098196
64.13197395
64.63296593
65.13395792
65.6349499
66.13594188
66.63693387
67.13792585
67.63891784
68.13990982
68.6409018
69.14189379
69.64288577
70.14387776
70.64486974
71.14586172
71.64685371
72.14784569
72.64883768
73.14982966
73.65082164
74.15181363
74.65280561
75.1537976
75.65478958
76.15578156
76.65677355
77.15776553
77.65875752
78.1597495
78.66074148
79.16173347
79.66272545
80.16371743
80.66470942
81.1657014
81.66669339
82.16768537
82.66867735
83.16966934
83.67066132
84.17165331
84.67264529
85.17363727
85.67462926
86.17562124
86.67661323
87.17760521
87.67859719
88.17958918
88.68058116
89.18157315
89.68256513
90.18355711
90.6845491
91.18554108
91.68653307
92.18752505
92.68851703
93.18950902
93.690501
94.19149299
94.69248497
95.19347695
95.69446894
96.19546092
96.69645291
97.19744489
97.69843687
98.19942886
98.70042084
99.20141283
99.70240481
100.2033968
100.7043888
101.2053808
101.7063727
102.2073647
102.7083567
103.2093487
103.7103407
104.2113327
104.7123246
105.2133166
105.7143086
106.2153006
106.7162926
107.2172846
107.7182766
108.2192685
108.7202605
109.2212525
109.7222445
110.2232365
110.7242285
111.2252204
111.7262124
112.2272044
112.7281964
113.2291884
113.7301804
114.2311723
114.7321643
115.2331563
115.7341483
116.2351403
116.7361323
117.2371242
117.7381162
118.2391082
118.7401002
119.2410922
119.7420842
120.2430762
120.7440681
121.2450601
121.7460521
122.2470441
122.7480361
123.2490281
123.75002
124.251012
124.752004
125.252996
125.753988
126.25498
126.7559719
127.2569639
127.7579559
128.2589479
128.7599399
129.2609319
129.7619238
130.2629158
130.7639078
131.2648998
131.7658918
132.2668838
132.7678758
133.2688677
133.7698597
134.2708517
134.7718437
135.2728357
135.7738277
136.2748196
136.7758116
137.2768036
137.7777956
138.2787876
138.7797796
139.2807715
139.7817635
140.2827555
140.7837475
141.2847395
141.7857315
142.2867234
142.7877154
143.2887074
143.7896994
144.2906914
144.7916834
145.2926754
145.7936673
146.2946593
146.7956513
147.2966433
147.7976353
148.2986273
148.7996192
149.3006112
149.8016032
150.3025952
150.8035872
151.3045792
151.8055711
152.3065631
152.8075551
153.3085471
153.8095391
154.3105311
154.811523
155.312515
155.813507
156.314499
156.815491
157.316483
157.8174749
158.3184669
158.8194589
159.3204509
159.8214429
160.3224349
160.8234269
161.3244188
161.8254108
162.3264028
162.8273948
163.3283868
163.8293788
164.3303707
164.8313627
165.3323547
165.8333467
166.3343387
166.8353307
167.3363226
167.8373146
168.3383066
168.8392986
169.3402906
169.8412826
170.3422745
170.8432665
171.3442585
171.8452505
172.3462425
172.8472345
173.3482265
173.8492184
174.3502104
174.8512024
175.3521944
175.8531864
176.3541784
176.8551703
177.3561623
177.8571543
178.3581463
178.8591383
179.3601303
179.8611222
180.3621142
180.8631062
181.3640982
181.8650902
182.3660822
182.8670741
183.3680661
183.8690581
184.3700501
184.8710421
185.3720341
185.8730261
186.374018
186.87501
187.376002
187.876994
188.377986
188.878978
189.3799699
189.8809619
190.3819539
190.8829459
191.3839379
191.8849299
192.3859218
192.8869138
193.3879058
193.8888978
194.3898898
194.8908818
195.3918737
195.8928657
196.3938577
196.8948497
197.3958417
197.8968337
198.3978257
198.8988176
199.3998096
199.9008016
200.4017936
200.9027856
201.4037776
201.9047695
202.4057615
202.9067535
203.4077455
203.9087375
204.4097295
204.9107214
205.4117134
205.9127054
206.4136974
206.9146894
207.4156814
207.9166733
208.4176653
208.9186573
209.4196493
209.9206413
210.4216333
210.9226253
211.4236172
211.9246092
212.4256012
212.9265932
213.4275852
213.9285772
214.4295691
214.9305611
215.4315531
215.9325451
216.4335371
216.9345291
217.435521
217.936513
218.437505
218.938497
219.439489
219.940481
220.4414729
220.9424649
221.4434569
221.9444489
222.4454409
222.9464329
223.4474248
223.9484168
224.4494088
224.9504008
225.4513928
225.9523848
226.4533768
226.9543687
227.4553607
227.9563527
228.4573447
228.9583367
229.4593287
229.9603206
230.4613126
230.9623046
231.4632966
231.9642886
232.4652806
232.9662725
233.4672645
233.9682565
234.4692485
234.9702405
235.4712325
235.9722244
236.4732164
236.9742084
237.4752004
237.9761924
238.4771844
238.9781764
239.4791683
239.9801603
240.4811523
240.9821443
241.4831363
241.9841283
242.4851202
242.9861122
243.4871042
243.9880962
244.4890882
244.9900802
245.4910721
245.9920641
246.4930561
246.9940481
247.4950401
247.9960321
248.497024
248.998016
249.499008
250
